
--------------------------------------------------------------------------------------------
class_embeddings_dim_1
[[14215189     4128    51134     9136    25674]
 [       0    12509        2       12        0]
 [      43        0    24488      515        0]
 [       0       43        0    25003        0]
 [       8      876       15       15    50704]]
Accuracy: 0.9936474192506339 	 F1: 0.7889057308216924 	 Precision: 0.684212613261463 	 Recall: 0.9901765566300581
--------------------------------------------------------------------------------------------

--------------------------------------------------------------------------------------------
class_embeddings_dim_2
[[14270417     2122      822       97    31803]
 [       0    12523        0        0        0]
 [       2        0    25044        0        0]
 [       0        0        0    25046        0]
 [      24        0        0        0    51594]]
Accuracy: 0.9975817459336646 	 F1: 0.9333652578691488 	 Precision: 0.8876241108556329 	 Recall: 0.9994038891207484
--------------------------------------------------------------------------------------------

--------------------------------------------------------------------------------------------
class_embeddings_dim_4
[[14275921     2563      628      247    25902]
 [       0    12523        0        0        0]
 [       0        0    25046        0        0]
 [       0        0        0    25046        0]
 [      62        0        0        0    51556]]
Accuracy: 0.9979609548018814 	 F1: 0.9375395981724427 	 Precision: 0.8922952742945471 	 Recall: 0.9993495749849715
--------------------------------------------------------------------------------------------

--------------------------------------------------------------------------------------------
class_embeddings_dim_8
[[14269203     2286     3304      828    29640]
 [       0    12523        0        0        0]
 [       0        0    25046        0        0]
 [       0        0        0    25046        0]
 [      31        0        0        0    51587]]
Accuracy: 0.9974972075996564 	 F1: 0.9227220355147827 	 Precision: 0.866436899331757 	 Recall: 0.9993757646364887
--------------------------------------------------------------------------------------------

--------------------------------------------------------------------------------------------
class_embeddings_dim_16
[[14273595     1842      870      955    27999]
 [       0    12523        0        0        0]
 [       0        0    25046        0        0]
 [       0        0        0    25046        0]
 [      26        0        0        0    51592]]
Accuracy: 0.9978021420169113 	 F1: 0.9362028696960477 	 Precision: 0.8899368975632956 	 Recall: 0.9994565417061689
--------------------------------------------------------------------------------------------

--------------------------------------------------------------------------------------------
class_embeddings_dim_32
[[14267414     4623     1266     1012    30946]
 [       0    12523        0        0        0]
 [       2        0    25044        0        0]
 [       0        0        0    25046        0]
 [      18        0        0        0    51600]]
Accuracy: 0.9973739023019809 	 F1: 0.9135140384169584 	 Precision: 0.8537048006380056 	 Recall: 0.9993851522712429
--------------------------------------------------------------------------------------------

--------------------------------------------------------------------------------------------
class_embeddings_dim_64
[[14269870     1480     1043      369    32499]
 [       0    12523        0        0        0]
 [       0        0    25046        0        0]
 [       0        0        0    25046        0]
 [      32        0        0        0    51586]]
Accuracy: 0.9975433950733639 	 F1: 0.9351068871155652 	 Precision: 0.8906613691936188 	 Recall: 0.9993812152596604
--------------------------------------------------------------------------------------------

--------------------------------------------------------------------------------------------
class_embeddings_dim_128
[[14272718     2289      791      978    28485]
 [       0    12523        0        0        0]
 [       6        0    25040        0        0]
 [       1        0        0    25045        0]
 [      59        0        0        0    51559]]
Accuracy: 0.9977385475523621 	 F1: 0.9326974442504279 	 Precision: 0.8842774961902506 	 Recall: 0.9992605209599971
--------------------------------------------------------------------------------------------

--------------------------------------------------------------------------------------------
class_embeddings_dim_256
[[14273800     2094      501     2317    26549]
 [       0    12523        0        0        0]
 [       2        0    25044        0        0]
 [       0        0        0    25046        0]
 [     336       17        0        0    51265]]
Accuracy: 0.9977935425473321 	 F1: 0.9318310258348523 	 Precision: 0.8820497968734562 	 Recall: 0.9981764372867682
--------------------------------------------------------------------------------------------

--------------------------------------------------------------------------------------------
class_embeddings_dim_512
[[14270379     2813     1839     1552    28678]
 [       0    12523        0        0        0]
 [       0        0    25046        0        0]
 [       0        0        0    25046        0]
 [      49        0        0        0    51569]]
Accuracy: 0.9975775155494361 	 F1: 0.9228977966256734 	 Precision: 0.8664895245167052 	 Recall: 0.9993224630272051
--------------------------------------------------------------------------------------------
