
--------------------------------------------------------------------------------------------
class_embeddings_dim_1
[[14256368     2138    17519     3491    25745]
 [       0    12305       18      200        0]
 [     378        0    24665        3        0]
 [       0        9       50    24987        0]
 [      19       43       30       44    51482]]
Accuracy: 0.996554178669515 	 F1: 0.8740693555011478 	 Precision: 0.7937464637626434 	 Recall: 0.9917943563772063
--------------------------------------------------------------------------------------------

--------------------------------------------------------------------------------------------
class_embeddings_dim_2
[[14276681       22      511       47    28000]
 [       0    12517        0        3        3]
 [      10        0    25036        0        0]
 [       1        0       29    25016        0]
 [      50        0        0        0    51568]]
Accuracy: 0.9980113033092562 	 F1: 0.9543165830571528 	 Precision: 0.9246416454808022 	 Recall: 0.9989914598892267
--------------------------------------------------------------------------------------------

--------------------------------------------------------------------------------------------
class_embeddings_dim_4
[[14275065     1581      499      466    27650]
 [       0    12523        0        0        0]
 [       3        0    25043        0        0]
 [       0        0        0    25046        0]
 [      26        0        0        0    51592]]
Accuracy: 0.9979038792900777 	 F1: 0.9417865992615422 	 Precision: 0.9002337245851596 	 Recall: 0.9994531376645437
--------------------------------------------------------------------------------------------

--------------------------------------------------------------------------------------------
class_embeddings_dim_8
[[14276128     1637      234       75    27187]
 [       0    12523        0        0        0]
 [      16        0    25030        0        0]
 [       1        0        0    25045        0]
 [      41        0        0        0    51577]]
Accuracy: 0.9979755877702782 	 F1: 0.9444624162164141 	 Precision: 0.9053940700398357 	 Recall: 0.9992980857705593
--------------------------------------------------------------------------------------------

--------------------------------------------------------------------------------------------
class_embeddings_dim_16
[[14276811      573      530       38    27309]
 [       0    12523        0        0        0]
 [       5        0    25041        0        0]
 [       2        0        0    25044        0]
 [      39        0        0        0    51579]]
Accuracy: 0.9980237864102582 	 F1: 0.9511431375931065 	 Precision: 0.9175654003791758 	 Recall: 0.9993952370101523
--------------------------------------------------------------------------------------------

--------------------------------------------------------------------------------------------
class_embeddings_dim_32
[[14276629     1410       79        6    27137]
 [       0    12523        0        0        0]
 [       9        0    25037        0        0]
 [       2        0        0    25044        0]
 [      44        0        0        0    51574]]
Accuracy: 0.9980105404530839 	 F1: 0.9470458940161569 	 Precision: 0.910129012117879 	 Recall: 0.9993413781766927
--------------------------------------------------------------------------------------------

--------------------------------------------------------------------------------------------
class_embeddings_dim_64
[[14277451      969       66        0    26775]
 [      13    12502        8        0        0]
 [      53        0    24993        0        0]
 [      46        0        0    25000        0]
 [      57        0        0        0    51561]]
Accuracy: 0.9980590858458694 	 F1: 0.9502017857317874 	 Precision: 0.9166613801755098 	 Recall: 0.9982644105116396
--------------------------------------------------------------------------------------------

--------------------------------------------------------------------------------------------
class_embeddings_dim_128
[[14266864     2159      804      974    34460]
 [       0    12523        0        0        0]
 [      13       19    25014        0        0]
 [       0        0        0    25046        0]
 [      19        0        0        0    51599]]
Accuracy: 0.9973336096259688 	 F1: 0.9265417503406592 	 Precision: 0.8765695592261551 	 Recall: 0.9991340289640928
--------------------------------------------------------------------------------------------

--------------------------------------------------------------------------------------------
class_embeddings_dim_256
[[14275224      621      115      807    28494]
 [      14    12508        1        0        0]
 [       7        0    25039        0        0]
 [       0        0        0    25045        1]
 [      43        0        0        0    51575]]
Accuracy: 0.9979123400585347 	 F1: 0.9478238367841169 	 Precision: 0.9121983950110935 	 Recall: 0.9991100063812235
--------------------------------------------------------------------------------------------

--------------------------------------------------------------------------------------------
class_embeddings_dim_512
[[14273698     2171     1464      566    27362]
 [       0    12523        0        0        0]
 [      12        0    25034        0        0]
 [       0        0        0    25046        0]
 [      54        0        0        0    51564]]
Accuracy: 0.9978065111022619 	 F1: 0.9338609564383494 	 Precision: 0.8856440719091812 	 Recall: 0.999253668764716
--------------------------------------------------------------------------------------------
