
--------------------------------------------------------------------------------------------
class_embeddings_dim_1
[[14263970      353    10249     4138    26551]
 [       0    12513        0       10        0]
 [      98        0    24944        0        4]
 [       0        0        0    25035       11]
 [      20        0      209        2    51387]]
Accuracy: 0.9971118958820607 	 F1: 0.9052033713791634 	 Precision: 0.8388313210728706 	 Recall: 0.9974656334297455
--------------------------------------------------------------------------------------------

--------------------------------------------------------------------------------------------
class_embeddings_dim_2
[[14277610     2312      251       17    25071]
 [       0    12523        0        0        0]
 [       7        0    25039        0        0]
 [       1        0        0    25045        0]
 [     144        0        0        0    51474]]
Accuracy: 0.9980718463491159 	 F1: 0.9424583517088605 	 Precision: 0.901201136683104 	 Recall: 0.9989915875935015
--------------------------------------------------------------------------------------------

--------------------------------------------------------------------------------------------
class_embeddings_dim_4
[[14275916     1795      513      456    26581]
 [       0    12522        1        0        0]
 [      10        0    25036        0        0]
 [       0        0        0    25046        0]
 [     167        0        0        0    51451]]
Accuracy: 0.9979525633839856 	 F1: 0.9412730128102048 	 Precision: 0.8991943011797373 	 Recall: 0.9988468465711376
--------------------------------------------------------------------------------------------

--------------------------------------------------------------------------------------------
class_embeddings_dim_8
[[14278555      482      233      280    25711]
 [       0    12523        0        0        0]
 [       7        0    25039        0        0]
 [       1        0        0    25045        0]
 [      83        0        0        0    51535]]
Accuracy: 0.998141613013605 	 F1: 0.9539336999582229 	 Precision: 0.9219618573327237 	 Recall: 0.9992411511762977
--------------------------------------------------------------------------------------------

--------------------------------------------------------------------------------------------
class_embeddings_dim_16
[[14278790     1442      225       49    24755]
 [       0    12523        0        0        0]
 [       2        0    25044        0        0]
 [       1        0        0    25045        0]
 [     127        0        0        0    51491]]
Accuracy: 0.9981552057235851 	 F1: 0.9489046928928065 	 Precision: 0.9122406263351508 	 Recall: 0.9991138800512281
--------------------------------------------------------------------------------------------

--------------------------------------------------------------------------------------------
class_embeddings_dim_32
[[14275543     2026      173        2    27517]
 [       0    12523        0        0        0]
 [       6        0    25040        0        0]
 [       3        0        0    25042        1]
 [      47        0        0        0    51571]]
Accuracy: 0.9979350870425828 	 F1: 0.941909582369437 	 Precision: 0.901172797406578 	 Recall: 0.9993225564063346
--------------------------------------------------------------------------------------------

--------------------------------------------------------------------------------------------
class_embeddings_dim_64
[[14277743      740      697      655    25426]
 [       0    12523        0        0        0]
 [       4        0    25042        0        0]
 [       0        0        0    25046        0]
 [     159        0        0        0    51459]]
Accuracy: 0.9980803071175729 	 F1: 0.9489045909020841 	 Precision: 0.9121855305230906 	 Recall: 0.998967269016681
--------------------------------------------------------------------------------------------

--------------------------------------------------------------------------------------------
class_embeddings_dim_128
[[14276504     1651      249       80    26777]
 [       4    12519        0        0        0]
 [       8        0    25038        0        0]
 [       0        0        0    25046        0]
 [      63        0        0        0    51555]]
Accuracy: 0.9980004846217211 	 F1: 0.9447496975199912 	 Precision: 0.905722042851367 	 Recall: 0.9992260863024688
--------------------------------------------------------------------------------------------

--------------------------------------------------------------------------------------------
class_embeddings_dim_256
[[14263910     2802    11063      250    27236]
 [       0    12517        6        0        0]
 [       0        0    25046        0        0]
 [       1        0        1    25044        0]
 [      34        0        0        0    51584]]
Accuracy: 0.9971293722234637 	 F1: 0.9005262031655976 	 Precision: 0.8310289006214273 	 Recall: 0.9991783457388556
--------------------------------------------------------------------------------------------

--------------------------------------------------------------------------------------------
class_embeddings_dim_512
[[14275000     2700       30     1070    26461]
 [       0    12523        0        0        0]
 [      67        0    24979        0        0]
 [       0        0        0    25046        0]
 [     107        0        0        0    51511]]
Accuracy: 0.997889315672242 	 F1: 0.9347512278957723 	 Precision: 0.8882177153954114 	 Recall: 0.9986273252498202
--------------------------------------------------------------------------------------------
