
--------------------------------------------------------------------------------------------
class_embeddings_dim_1
[[14267883     1054     9601        3    26720]
 [       0    12449        0        0       74]
 [     117        0    24928        0        1]
 [       0        7        0    25039        0]
 [      23        1      104        0    51490]]
Accuracy: 0.9973851370928827 	 F1: 0.91660003091322 	 Precision: 0.8597537369023124 	 Recall: 0.9968014831809893
--------------------------------------------------------------------------------------------

--------------------------------------------------------------------------------------------
class_embeddings_dim_2
[[14272433      405       52        1    32370]
 [       0    12522        0        0        1]
 [      44        0    25001        1        0]
 [       0        2        1    25043        0]
 [      50        0        0        0    51568]]
Accuracy: 0.9977164940739252 	 F1: 0.9483186285716748 	 Precision: 0.9161338810414801 	 Recall: 0.998948039765861
--------------------------------------------------------------------------------------------

--------------------------------------------------------------------------------------------
class_embeddings_dim_4
[[14274802      241      476      996    28746]
 [       0    12523        0        0        0]
 [       5        0    25041        0        0]
 [       0        0        0    25046        0]
 [      26        0        0        0    51592]]
Accuracy: 0.9978855013913803 	 F1: 0.9484703100076584 	 Precision: 0.913280643972111 	 Recall: 0.9994334900815598
--------------------------------------------------------------------------------------------

--------------------------------------------------------------------------------------------
class_embeddings_dim_8
[[14272549     2595       94      337    29686]
 [       1    12522        0        0        0]
 [      17        0    25029        0        0]
 [       1        0        0    25045        0]
 [      34        0        0        0    51584]]
Accuracy: 0.997727728864827 	 F1: 0.9344739005389954 	 Precision: 0.8892080572292755 	 Recall: 0.9992512146359829
--------------------------------------------------------------------------------------------

--------------------------------------------------------------------------------------------
class_embeddings_dim_16
[[14276378     1018      164      916    26785]
 [       6    12517        0        0        0]
 [       3        0    25043        0        0]
 [       0        0        0    25046        0]
 [      47        0        0        0    51571]]
Accuracy: 0.997993064111681 	 F1: 0.9463936211090139 	 Precision: 0.90823158892269 	 Recall: 0.9992943038979387
--------------------------------------------------------------------------------------------

--------------------------------------------------------------------------------------------
class_embeddings_dim_32
[[14271805     4270     1209      431    27546]
 [       0    12523        0        0        0]
 [       0        0    25046        0        0]
 [       1        0        0    25045        0]
 [      46        0        0        0    51572]]
Accuracy: 0.9976765481507187 	 F1: 0.9220009153303996 	 Precision: 0.8669188670724326 	 Recall: 0.9993460382934971
--------------------------------------------------------------------------------------------

--------------------------------------------------------------------------------------------
class_embeddings_dim_64
[[14273267     2240      189      674    28891]
 [       0    12523        0        0        0]
 [       5        0    25041        0        0]
 [       0        0        0    25046        0]
 [      66        0        0        0    51552]]
Accuracy: 0.9977762742576126 	 F1: 0.9360758880152368 	 Precision: 0.8910838527777637 	 Recall: 0.999257044750243
--------------------------------------------------------------------------------------------

--------------------------------------------------------------------------------------------
class_embeddings_dim_128
[[14270154     2406      679     3280    28742]
 [       0    12523        0        0        0]
 [       3        0    25043        0        0]
 [       0        0        0    25046        0]
 [      24        0        0        0    51594]]
Accuracy: 0.9975634373855282 	 F1: 0.9236474558404145 	 Precision: 0.8677741203748031 	 Recall: 0.9993922268447996
--------------------------------------------------------------------------------------------

--------------------------------------------------------------------------------------------
class_embeddings_dim_256
[[14268097     2476     2841      120    31727]
 [       0    12523        0        0        0]
 [       1        0    25045        0        0]
 [       0        0        0    25046        0]
 [      31        0        0        0    51587]]
Accuracy: 0.997420436528494 	 F1: 0.9234578887735727 	 Precision: 0.8694920639175348 	 Recall: 0.9993523164867975
--------------------------------------------------------------------------------------------

--------------------------------------------------------------------------------------------
class_embeddings_dim_512
[[14271327     2528      219     1532    29655]
 [       0    12523        0        0        0]
 [       1        0    25045        0        0]
 [       0        0        0    25046        0]
 [      24        0        0        0    51594]]
Accuracy: 0.997644924294847 	 F1: 0.9299416649125339 	 Precision: 0.8801473518941997 	 Recall: 0.9994245970198424
--------------------------------------------------------------------------------------------
