
--------------------------------------------------------------------------------------------
class_embeddings_dim_1
[[14269145     1821      940        0    33355]
 [       0    12509        1        0       13]
 [       0       15    25030        0        1]
 [       0        0        8    25038        0]
 [      59        1        0        0    51558]]
Accuracy: 0.9974885387795162 	 F1: 0.9331903584927221 	 Precision: 0.8885005631519144 	 Recall: 0.9988473538761186
--------------------------------------------------------------------------------------------

--------------------------------------------------------------------------------------------
class_embeddings_dim_2
[[14273497      483      954      317    30010]
 [       0    12520        0        0        3]
 [       9        0    25037        0        0]
 [       0        0        0    25046        0]
 [      35        0        0        0    51583]]
Accuracy: 0.9977938893001377 	 F1: 0.9458256990118791 	 Precision: 0.9091647410613156 	 Recall: 0.9993005204189107
--------------------------------------------------------------------------------------------

--------------------------------------------------------------------------------------------
class_embeddings_dim_4
[[14273949     1083      454       85    29690]
 [       0    12523        0        0        0]
 [       2        0    25044        0        0]
 [       0        0        0    25046        0]
 [      33        0        0        0    51585]]
Accuracy: 0.9978260679604984 	 F1: 0.944615593849792 	 Precision: 0.9067819465685216 	 Recall: 0.9994183979985477
--------------------------------------------------------------------------------------------

--------------------------------------------------------------------------------------------
class_embeddings_dim_8
[[14275892     1280      211      504    27374]
 [       0    12523        0        0        0]
 [       7        0    25039        0        0]
 [       0        0        0    25046        0]
 [      69        0        0        0    51549]]
Accuracy: 0.9979579727277531 	 F1: 0.9451655801849311 	 Precision: 0.9064668713903107 	 Recall: 0.9992661500688138
--------------------------------------------------------------------------------------------

--------------------------------------------------------------------------------------------
class_embeddings_dim_16
[[14270907      739      517     1654    31444]
 [       0    12523        0        0        0]
 [       2        1    25043        0        0]
 [       0        0        0    25046        0]
 [      23        0        0        0    51595]]
Accuracy: 0.9976157277086145 	 F1: 0.9388354584251886 	 Precision: 0.8966728008436204 	 Recall: 0.9994066290575881
--------------------------------------------------------------------------------------------

--------------------------------------------------------------------------------------------
class_embeddings_dim_32
[[14278809      287      354      468    25343]
 [       0    12523        0        0        0]
 [       4        0    25042        0        0]
 [       0        0        0    25046        0]
 [     201        0        0        0    51417]]
Accuracy: 0.9981513220921622 	 F1: 0.9544819672596934 	 Precision: 0.9230280522260846 	 Recall: 0.9988194386944972
--------------------------------------------------------------------------------------------

--------------------------------------------------------------------------------------------
class_embeddings_dim_64
[[14272419     2394      683      733    29032]
 [       0    12523        0        0        0]
 [       2        0    25044        0        0]
 [       0        0        0    25045        1]
 [      24        0        0        0    51594]]
Accuracy: 0.9977205164064703 	 F1: 0.9327901167567634 	 Precision: 0.8848873535764212 	 Recall: 0.9994238935162431
--------------------------------------------------------------------------------------------

--------------------------------------------------------------------------------------------
class_embeddings_dim_128
[[14274670      300      158     1378    28755]
 [       0    12522        1        0        0]
 [       4        0    25042        0        0]
 [       0        0        0    25046        0]
 [      19        0        0        0    51599]]
Accuracy: 0.99787683257124 	 F1: 0.9478009540531384 	 Precision: 0.9120576544656058 	 Recall: 0.9994507816213035
--------------------------------------------------------------------------------------------

--------------------------------------------------------------------------------------------
class_embeddings_dim_256
[[14275683     1611       82     1409    26476]
 [       0    12523        0        0        0]
 [      25        1    25020        0        0]
 [       0        0        0    25046        0]
 [      89        0        0        0    51529]]
Accuracy: 0.9979407737885948 	 F1: 0.9408077357836031 	 Precision: 0.8980015587620518 	 Recall: 0.9990340148856045
--------------------------------------------------------------------------------------------

--------------------------------------------------------------------------------------------
class_embeddings_dim_512
[[14274057      418      279      553    29954]
 [       9    12514        0        0        0]
 [       9        0    25036        0        1]
 [       1        0        0    25045        0]
 [      40        0        0        0    51578]]
Accuracy: 0.9978318240570716 	 F1: 0.9480366339000128 	 Precision: 0.9135302625186549 	 Recall: 0.9991771823209332
--------------------------------------------------------------------------------------------
